-57.024532 66.743690 31.161371
-37.815567 46.316845 7.851651
11.701054 21.179327 -29.008936
19.981375 39.129536 6.775121
39.572765 -12.808717 1.718801
-12.962054 -31.899734 -20.366631
-22.711859 72.525047 -21.547598
61.190243 73.308800 39.767414
14.511707 75.124168 13.792236
-21.352972 -10.811650 0.554077
30.574327 -37.459919 -23.321909
-45.831192 53.047832 20.739014
-31.616739 -15.877810 0.818048
-16.897480 51.219650 -30.933647
33.428040 -36.788254 -23.111168
47.737614 67.676125 10.770354
15.555371 74.299484 15.269580
-14.865571 -6.541823 -18.512514
21.859947 67.479202 10.818112
27.942451 -27.221025 -21.960243
10.0 10.0 10.0
5.0 5.0 5.0
2.12 5.015 64.015
0.0 0.55 0.12
0.0 0.0 0.0
5.452 132.2 12.0
154.3 120.5 154.3
0.25 0.25 0.25
12.5 65.3 654.0
54.21 646 0.23
45.2 57.6 45.2
452 98 32
1 1 1
2.2 .2 31